2.570614952978748924e-02 6.447979482014858750e-04 5.667806718548183686e-02 5.133136669919517378e-03
2.570614948640798786e-02 6.447979602459015785e-04 5.667806708924978676e-02 5.133136661145230525e-03
2.570614942347582144e-02 6.447979777202880996e-04 5.667806694964254433e-02 5.133136648416056907e-03
2.570614933217282155e-02 6.447980030726306122e-04 5.667806674709808396e-02 5.133136629948364255e-03
2.570614919970666545e-02 6.447980398545345238e-04 5.667806645323823778e-02 5.133136603154675459e-03
2.570614900751796647e-02 6.447980932187724655e-04 5.667806602689132861e-02 5.133136564281025500e-03
2.570614872868861797e-02 6.447981706411324383e-04 5.667806540834281065e-02 5.133136507882725408e-03
2.570614832415177645e-02 6.447982829676934683e-04 5.667806451092773784e-02 5.133136426057807906e-03
2.570614773723776947e-02 6.447984459342437705e-04 5.667806320893142152e-02 5.133136307343798797e-03
2.570614688573095302e-02 6.447986823706876531e-04 5.667806131996858815e-02 5.133136135111084596e-03
2.570614565034063867e-02 6.447990253992349520e-04 5.667805857940756004e-02 5.133135885230967130e-03
2.570614385799477666e-02 6.447995230743946071e-04 5.667805460330945649e-02 5.133135522696497671e-03
2.570614125761149643e-02 6.448002451147322829e-04 5.667804883468013227e-02 5.133134996721811123e-03
2.570613748489940578e-02 6.448012926693010884e-04 5.667804046538420931e-02 5.133134233622391532e-03
2.570613201133907857e-02 6.448028124867076711e-04 5.667802832296692933e-02 5.133133126495655757e-03
2.570612407013983178e-02 6.448050174712069123e-04 5.667801070639837124e-02 5.133131520244390948e-03
2.570611254881571481e-02 6.448082165044265526e-04 5.667798514776728469e-02 5.133129189848404522e-03
2.570609583333911125e-02 6.448128577081073702e-04 5.667794806655560708e-02 5.133125808841896773e-03
2.570607158204000348e-02 6.448195912036241767e-04 5.667789426806390390e-02 5.133120903580821841e-03
2.570603639752046254e-02 6.448293601498889449e-04 5.667781621559838529e-02 5.133113786882437593e-03
2.570598535075140426e-02 6.448435327914001699e-04 5.667770297474581526e-02 5.133103461766650062e-03
2.570591129051048168e-02 6.448640939691335653e-04 5.667753868146470364e-02 5.133088481780603320e-03
2.570580384152415174e-02 6.448939228266024675e-04 5.667730031962357751e-02 5.133066748361492931e-03
2.570564795090004781e-02 6.449371954119428613e-04 5.667695449651760642e-02 5.133035216840405209e-03
2.570542177917163607e-02 6.449999681496714843e-04 5.667645276457376063e-02 5.132989469897863803e-03
2.570509364034275282e-02 6.450910230230460151e-04 5.667572483355903107e-02 5.132923098695579660e-03
2.570461756210825482e-02 6.452230909824088886e-04 5.667466872219548146e-02 5.132826804983384693e-03
2.570392684370155501e-02 6.454146210055633492e-04 5.667313646854916370e-02 5.132687098336367187e-03
2.570292470786201752e-02 6.456923343281647729e-04 5.667091339574095027e-02 5.132484405932214583e-03
2.570147073531546880e-02 6.460949042608661076e-04 5.666768802515789044e-02 5.132190329908946531e-03
2.569936117722029442e-02 6.466782407221295442e-04 5.666300841594699295e-02 5.131763667775784445e-03
2.569630037993260452e-02 6.475230440144781521e-04 5.665621880340757782e-02 5.131144637933821029e-03
2.569185930544887544e-02 6.487455289087941997e-04 5.664636764208408337e-02 5.130246500882649358e-03
2.568541531638147274e-02 6.505124977022633086e-04 5.663207415107775894e-02 5.128943402835696615e-03
2.567606477120472006e-02 6.530622136238898885e-04 5.661133467387585022e-02 5.127052744221179473e-03
2.566249621467970102e-02 6.567326709007788744e-04 5.658124188793899750e-02 5.124309627212237511e-03
2.564280665746939900e-02 6.619986049959048413e-04 5.653757828570298016e-02 5.120329889557263640e-03
2.561423628936399660e-02 6.695174198220998343e-04 5.647422970785669766e-02 5.114556827472672117e-03
2.557278814046888907e-02 6.801812795028500894e-04 5.638234548003315250e-02 5.106184992507692075e-03
2.551269053536764364e-02 6.951668135725562123e-04 5.624915298028503735e-02 5.094052789985805893e-03
2.542565771613887818e-02 7.159644036240478447e-04 5.605632952419286469e-02 5.076495205894853563e-03
2.529992228988460837e-02 7.443567392337037099e-04 5.577787513348041182e-02 5.051151699685459129e-03
2.511907980697460421e-02 7.823058536822365128e-04 5.537757634010869595e-02 5.014737530952587466e-03
2.486094007288488714e-02 8.317082599782701533e-04 5.480648927253855413e-02 4.962817264506924619e-03
2.449685385855433772e-02 8.939992536379846692e-04 5.400147020803373887e-02 4.889673366788248841e-03
2.399235516095319862e-02 9.696343650966973747e-04 5.288659701746298292e-02 4.788436540341678600e-03
2.331026989250854428e-02 1.057544112774421200e-03 5.138001394019897639e-02 4.651706609203456154e-03
2.241729992931773552e-02 1.154736382601921022e-03 4.940843252278244446e-02 4.472865108107495526e-03
2.129391129926862594e-02 1.256279544774908897e-03 4.692892449819201922e-02 4.248045710078469754e-03
1.994492298531693603e-02 1.355867483045784545e-03 4.395226154937411506e-02 3.978243198114057508e-03
1.840575110412745116e-02 1.446961007866595910e-03 4.055666148839068286e-02 3.670554555506248557e-03
1.673953723933240684e-02 1.524158410428286693e-03 3.688142709955102849e-02 3.337601265895800105e-03
1.502479310031763424e-02 1.584227197895916135e-03 3.309969101246998391e-02 2.995061214936423511e-03
1.333883573849701555e-02 1.626385830915187290e-03 2.938190160993491007e-02 2.658363715236187509e-03
1.174422718933578781e-02 1.651862243659827810e-03 2.586594320443822564e-02 2.339986647339764320e-03
1.028241278298753364e-02 1.663095144239252771e-03 2.264312902548356113e-02 2.048191061430376832e-03
8.974195305843958581e-03 1.662966369444521947e-03 1.975926267107004988e-02 1.787119221169335007e-03
7.824126576409755687e-03 1.654268625757760467e-03 1.722433019554057629e-02 1.557672776769057459e-03
6.825898007447427605e-03 1.639428498567928110e-03 1.502438769447390562e-02 1.358588451424982881e-03
5.967002767052684287e-03 1.620414248483976593e-03 1.313183695086838319e-02 1.187366745251933545e-03
5.232086850333112459e-03 1.598747142218100332e-03 1.151280591676930032e-02 1.040937975808531443e-03
4.605073062029079248e-03 1.575558913090869748e-03 1.013182164078046781e-02 9.160835215829149242e-04
4.070399490112322841e-03 1.551665861777137747e-03 8.954532696909659611e-03 8.096819051676648095e-04
3.613743929729872507e-03 1.527649958537113896e-03 7.949304501682699642e-03 7.188549255989420007e-04
3.222525086049508620e-03 1.503945694646408341e-03 7.088330735011585775e-03 6.410715837035277885e-04
2.886319042849523880e-03 1.480927507219179356e-03 6.348563692981040382e-03 5.742356447570013496e-04
2.597136027622763341e-03 1.458979852102003545e-03 5.712336632015692535e-03 5.167437509329005606e-04
2.349367097286004114e-03 1.438523220433559572e-03 5.167253132573310960e-03 4.674750573119221004e-04
2.139266626486133714e-03 1.419981151910486208e-03 4.705045935693733146e-03 4.256860571604358795e-04
1.964082828458648278e-03 1.403705042387641240e-03 4.319654463859479501e-03 3.908342502096745453e-04
1.821172905710186779e-03 1.389899063632711292e-03 4.005266799162836115e-03 3.623990727081185083e-04
1.707432634397678317e-03 1.378583139933003401e-03 3.755056507855544182e-03 3.397666291883349229e-04
1.619162606642821425e-03 1.369605126928222791e-03 3.560885044850098206e-03 3.222026795997582531e-04
1.552276857708349009e-03 1.362688805551750442e-03 3.413761125763999874e-03 3.088946429921151596e-04
1.502661846423826832e-03 1.357495027459846041e-03 3.304632190911015351e-03 2.990237568557479824e-04
1.466513182539728359e-03 1.353676638355812709e-03 3.225126497825331773e-03 2.918326205362123740e-04
1.440554578624726181e-03 1.350916593935569746e-03 3.168035219118736645e-03 2.866690141309116940e-04
1.422121901641464981e-03 1.348947491586435267e-03 3.127497162953328264e-03 2.830026730144476915e-04
1.409143494936716898e-03 1.347556399949606607e-03 3.098955105605788463e-03 2.804213362499232949e-04
1.400062052814969506e-03 1.346580702660192400e-03 3.078983597216662389e-03 2.786151509620374278e-04
1.393735889569798578e-03 1.345899902440730444e-03 3.065071559016608119e-03 2.773569895434239052e-04
1.389343113241878680e-03 1.345426620544674066e-03 3.055411374858517989e-03 2.764833609962813184e-04
1.386299707895148657e-03 1.345098457871858350e-03 3.048718645626451781e-03 2.758781013863725136e-04
1.384194497130223972e-03 1.344871331983419141e-03 3.044089114223331571e-03 2.754594299010070793e-04
1.382739862233859631e-03 1.344714334634212593e-03 3.040890262884241371e-03 2.751701428819142907e-04
1.381735522026078869e-03 1.344605908298348879e-03 3.038681648304225515e-03 2.749704080502050939e-04
1.381042450695216684e-03 1.344531072100926296e-03 3.037157538182599145e-03 2.748325762222741876e-04
1.380564353640436736e-03 1.344479441764481970e-03 3.036106171970615487e-03 2.747374967644341083e-04
1.380234634345156195e-03 1.344443831822162002e-03 3.035381098543717213e-03 2.746719253831191314e-04
1.380007283372420516e-03 1.344419276256258013e-03 3.034881139739313127e-03 2.746267120700864712e-04
1.379850537204427600e-03 1.344402345820145490e-03 3.034536445374659466e-03 2.745955399648993813e-04
1.379742478204584212e-03 1.344390673837728015e-03 3.034298817114211306e-03 2.745740502859358740e-04
1.379667987847480902e-03 1.344382627609804273e-03 3.034135008352029442e-03 2.745592364035960922e-04
1.379616640028937359e-03 1.344377081094692058e-03 3.034022091432961830e-03 2.745490248756671898e-04
1.379581245828838789e-03 1.344373257829807470e-03 3.033944257479659345e-03 2.745419860410278534e-04
1.379556848962388334e-03 1.344370622474666327e-03 3.033890607320793506e-03 2.745371342435961020e-04
1.379540032665481277e-03 1.344368805966276656e-03 3.033853627286163968e-03 2.745337899919883117e-04
1.379528441614887978e-03 1.344367553888858131e-03 3.033828137878846927e-03 2.745314848835739437e-04
1.379520452244061392e-03 1.344366690866836229e-03 3.033810568779172698e-03 2.745298960400891592e-04
1.379514945428918834e-03 1.344366096012773303e-03 3.033798458966635407e-03 2.745288009016424351e-04
